Longitude=48.999999
Latitude=11.9999999
Altitude=300